Discords
839
829
