Discords
1153
904
