Discords
818
177
