Discords
681
1013
