Discords
629
1138
