Discords
1210
1213
