Discords
236
231
