Discords
250
246
