Discords
297
110
