Motifs
"[875, 1148]"
"[3, 209, 938, 993]"
"[327, 464, 657, 1042]"
