Motifs
"[913, 1069, 1167, 1226]"
"[890, 968, 1046, 1144, 1203]"
